{"producer":{"name":"Blender","version":"2.82 (sub 7)","exporter_version":"6.3.0","file":"snowboard.babylon"},
"autoClear":true,"clearColor":[0.0509,0.0509,0.0509],"gravity":[0,-9.81,0],
"materials":[{"name":"Cube.001_baked","id":"Cube.001_baked","customType":"BABYLON.PBRMaterial","backFaceCulling":true,"checkReadyOnlyOnce":false,"maxSimultaneousLights":4,"environmentIntensity":1,"albedo":[0.014,0.014,0.014],"reflectivity":[0.5,0.5,0.5],"roughness":0.5,"alpha":1,"transparencyMode":0,"alphaCutOff":0.4,"metallic":0},
{"name":"orange","id":"orange","customType":"BABYLON.PBRMaterial","backFaceCulling":true,"checkReadyOnlyOnce":false,"maxSimultaneousLights":4,"environmentIntensity":1,"albedo":[0.076,0.0705,0.1091],"reflectivity":[0.5,0.5,0.5],"roughness":0.5,"alpha":1,"transparencyMode":0,"alphaCutOff":0.4,"metallic":0},
{"name":"white","id":"white","customType":"BABYLON.PBRMaterial","backFaceCulling":true,"checkReadyOnlyOnce":false,"maxSimultaneousLights":4,"environmentIntensity":1,"albedo":[0.2894,0.2894,0.2894],"reflectivity":[0.5,0.5,0.5],"roughness":0.5,"alpha":1,"transparencyMode":0,"alphaCutOff":0.4,"metallic":0},
{"name":"jacket","id":"jacket","customType":"BABYLON.PBRMaterial","backFaceCulling":true,"checkReadyOnlyOnce":false,"maxSimultaneousLights":4,"environmentIntensity":1,"albedo":[0.0215,0.3113,0.8764],"reflectivity":[0.5,0.5,0.5],"roughness":0.5,"alpha":1,"transparencyMode":0,"alphaCutOff":0.4,"metallic":0},
{"name":"skin","id":"skin","customType":"BABYLON.PBRMaterial","backFaceCulling":true,"checkReadyOnlyOnce":false,"maxSimultaneousLights":4,"environmentIntensity":1,"albedo":[1,0.7125,0.5297],"reflectivity":[0.5,0.5,0.5],"roughness":0.5,"alpha":1,"transparencyMode":0,"alphaCutOff":0.4,"metallic":0},
{"name":"board","id":"board","customType":"BABYLON.PBRMaterial","backFaceCulling":true,"checkReadyOnlyOnce":false,"maxSimultaneousLights":4,"environmentIntensity":1,"albedo":[0.5126,0.2382,0.0772],"reflectivity":[0.5,0.5,0.5],"roughness":0.5,"alpha":1,"transparencyMode":0,"alphaCutOff":0.4,"metallic":0},
{"name":"Cube.002_baked","id":"Cube.002_baked","customType":"BABYLON.PBRMaterial","backFaceCulling":true,"checkReadyOnlyOnce":false,"maxSimultaneousLights":4,"environmentIntensity":1,"albedo":[0.014,0.014,0.014],"reflectivity":[0.5,0.5,0.5],"roughness":0.5,"alpha":1,"transparencyMode":0,"alphaCutOff":0.4,"metallic":0},
{"name":"orange.001","id":"orange.001","customType":"BABYLON.PBRMaterial","backFaceCulling":true,"checkReadyOnlyOnce":false,"maxSimultaneousLights":4,"environmentIntensity":1,"albedo":[0.076,0.0705,0.1091],"reflectivity":[0.5,0.5,0.5],"roughness":0.5,"alpha":1,"transparencyMode":0,"alphaCutOff":0.4,"metallic":0},
{"name":"white.001","id":"white.001","customType":"BABYLON.PBRMaterial","backFaceCulling":true,"checkReadyOnlyOnce":false,"maxSimultaneousLights":4,"environmentIntensity":1,"albedo":[0.2894,0.2894,0.2894],"reflectivity":[0.5,0.5,0.5],"roughness":0.5,"alpha":1,"transparencyMode":0,"alphaCutOff":0.4,"metallic":0},
{"name":"jacket.001","id":"jacket.001","customType":"BABYLON.PBRMaterial","backFaceCulling":true,"checkReadyOnlyOnce":false,"maxSimultaneousLights":4,"environmentIntensity":1,"albedo":[0.0215,0.3113,0.8764],"reflectivity":[0.5,0.5,0.5],"roughness":0.5,"alpha":1,"transparencyMode":0,"alphaCutOff":0.4,"metallic":0},
{"name":"skin.001","id":"skin.001","customType":"BABYLON.PBRMaterial","backFaceCulling":true,"checkReadyOnlyOnce":false,"maxSimultaneousLights":4,"environmentIntensity":1,"albedo":[1,0.7125,0.5297],"reflectivity":[0.5,0.5,0.5],"roughness":0.5,"alpha":1,"transparencyMode":0,"alphaCutOff":0.4,"metallic":0},
{"name":"board.001","id":"board.001","customType":"BABYLON.PBRMaterial","backFaceCulling":true,"checkReadyOnlyOnce":false,"maxSimultaneousLights":4,"environmentIntensity":1,"albedo":[0.5126,0.2382,0.0772],"reflectivity":[0.5,0.5,0.5],"roughness":0.5,"alpha":1,"transparencyMode":0,"alphaCutOff":0.4,"metallic":0}],
"multiMaterials":[{"name":"snowboard.Multimaterial#0","id":"snowboard.Multimaterial#0","materials":["Cube.001_baked","orange","white","jacket","skin","board"]},{"name":"snowboard.Multimaterial#1","id":"snowboard.Multimaterial#1","materials":["Cube.002_baked","orange.001","white.001","jacket.001","skin.001","board.001"]}],
"skeletons":[{"name":"Armature","id":0,"dimensionsAtRest":[7.4759,4.1815,3.8704],"bones":[
{"name":"hip L","index":0,"matrix":[-0.1501,0.9684,0.1989,0,-0.9854,-0.1301,-0.1102,0,-0.0808,-0.2126,0.9738,0,0,0,0,1],"rest":[-0.4454,0.8953,-0.0004,0,-0.8897,-0.4427,-0.1117,0,-0.1002,-0.0494,0.9937,0,0,0,0,1],"parentBoneIndex":10,"length":0.5504
,"animation":{"dataType":3,"framePerSecond":24,"keys":[
{"frame":1,"values":[-0.2713,0.955,0.1203,0,-0.9597,-0.2589,-0.1092,0,-0.0732,-0.1451,0.9867,0,0,0,0,1]},
{"frame":2,"values":[-0.2338,0.9616,0.144,0,-0.9702,-0.221,-0.0996,0,-0.064,-0.163,0.9846,0,0,0,0,1]},
{"frame":3,"values":[-0.1319,0.9698,0.205,0,-0.9903,-0.1199,-0.07,0,-0.0433,-0.2122,0.9763,0,0,0,0,1]},
{"frame":4,"values":[0.0199,0.9577,0.2871,0,-0.9995,0.0263,-0.0187,0,-0.0255,-0.2866,0.9577,0,0,0,0,1]},
{"frame":5,"values":[0.2092,0.9034,0.3743,0,-0.9775,0.2041,0.0537,0,-0.0279,-0.3771,0.9257,0,0,0,0,1]},
{"frame":6,"values":[0.4185,0.7887,0.4504,0,-0.9054,0.4012,0.1388,0,-0.0712,-0.4659,0.882,0,0,0,0,1]},
{"frame":7,"values":[0.6179,0.6087,0.4976,0,-0.7683,0.6018,0.218,0,-0.1668,-0.517,0.8396,0,0,0,0,1]},
{"frame":8,"values":[0.7682,0.3957,0.5033,0,-0.571,0.779,0.259,0,-0.2896,-0.4863,0.8244,0,0,0,0,1]},
{"frame":9,"values":[0.8561,0.2094,0.4725,0,-0.351,0.9066,0.2342,0,-0.3793,-0.3664,0.8496,0,0,0,0,1]},
{"frame":10,"values":[0.8986,0.0888,0.4296,0,-0.1673,0.9747,0.1484,0,-0.4056,-0.2053,0.8907,0,0,0,0,1]},
{"frame":11,"values":[0.9227,0.0084,0.3855,0,-0.0216,0.9993,0.03,0,-0.385,-0.036,0.9222,0,0,0,0,1]},
{"frame":12,"values":[0.9401,-0.0645,0.3347,0,0.1039,0.9894,-0.1011,0,-0.3247,0.1298,0.9369,0,0,0,0,1]},
{"frame":13,"values":[0.9493,-0.1255,0.2883,0,0.1922,0.9573,-0.216,0,-0.2489,0.2604,0.9329,0,0,0,0,1]},
{"frame":14,"values":[0.9521,-0.1671,0.2561,0,0.241,0.9255,-0.2923,0,-0.1882,0.34,0.9214,0,0,0,0,1]},
{"frame":15,"values":[0.9524,-0.1821,0.2444,0,0.2564,0.9123,-0.3192,0,-0.1648,0.3667,0.9156,0,0,0,0,1]},
{"frame":21,"values":[-0.2713,0.955,0.1203,0,-0.9597,-0.2589,-0.1092,0,-0.0732,-0.1451,0.9867,0,0,0,0,1]},
{"frame":22,"values":[-0.2695,0.9553,0.1216,0,-0.9602,-0.257,-0.1091,0,-0.0729,-0.1461,0.9866,0,0,0,0,1]},
{"frame":23,"values":[-0.2647,0.9562,0.1252,0,-0.9616,-0.2519,-0.1087,0,-0.0724,-0.1492,0.9862,0,0,0,0,1]},
{"frame":24,"values":[-0.2572,0.9575,0.1307,0,-0.9637,-0.2441,-0.1081,0,-0.0716,-0.1538,0.9855,0,0,0,0,1]},
{"frame":25,"values":[-0.2476,0.959,0.1377,0,-0.9663,-0.2341,-0.1074,0,-0.0707,-0.1596,0.9846,0,0,0,0,1]},
{"frame":26,"values":[-0.2365,0.9607,0.1457,0,-0.9691,-0.2224,-0.1066,0,-0.0701,-0.1664,0.9836,0,0,0,0,1]},
{"frame":27,"values":[-0.2242,0.9623,0.1542,0,-0.972,-0.2095,-0.106,0,-0.0697,-0.1736,0.9823,0,0,0,0,1]},
{"frame":28,"values":[-0.2114,0.9637,0.1628,0,-0.9749,-0.196,-0.1056,0,-0.0699,-0.1811,0.981,0,0,0,0,1]},
{"frame":29,"values":[-0.1985,0.965,0.1712,0,-0.9776,-0.1823,-0.1056,0,-0.0707,-0.1883,0.9796,0,0,0,0,1]},
{"frame":30,"values":[-0.186,0.9661,0.1789,0,-0.9799,-0.1691,-0.1059,0,-0.0721,-0.195,0.9782,0,0,0,0,1]},
{"frame":31,"values":[-0.1746,0.967,0.1856,0,-0.9819,-0.1568,-0.1066,0,-0.074,-0.2009,0.9768,0,0,0,0,1]},
{"frame":32,"values":[-0.1648,0.9676,0.1912,0,-0.9834,-0.1462,-0.1077,0,-0.0763,-0.2058,0.9756,0,0,0,0,1]},
{"frame":33,"values":[-0.157,0.9681,0.1954,0,-0.9845,-0.1377,-0.1089,0,-0.0785,-0.2095,0.9747,0,0,0,0,1]},
{"frame":34,"values":[-0.152,0.9683,0.198,0,-0.9851,-0.1321,-0.1098,0,-0.0802,-0.2118,0.974,0,0,0,0,1]},
{"frame":35,"values":[-0.1501,0.9684,0.1989,0,-0.9854,-0.1301,-0.1102,0,-0.0808,-0.2126,0.9738,0,0,0,0,1]}],"loopBehavior":1,"name":"anim","property":"_matrix"}},
{"name":"thigh L","index":1,"matrix":[0.7947,0.5881,-0.1503,0,-0.4727,0.4443,-0.761,0,-0.3807,0.6758,0.6311,0,0,0.5504,0,1],"rest":[0.8565,0.485,-0.1766,0,-0.4648,0.5761,-0.6724,0,-0.2244,0.658,0.7189,0,0,0.5504,0,1],"parentBoneIndex":0,"length":1.0531
,"animation":{"dataType":3,"framePerSecond":24,"keys":[
{"frame":1,"values":[0.8182,0.5512,-0.1634,0,-0.4753,0.4885,-0.7318,0,-0.3235,0.6764,0.6616,0,0,0.5504,0,1]},
{"frame":2,"values":[0.8113,0.5624,-0.1597,0,-0.475,0.4748,-0.7409,0,-0.3408,0.6769,0.6524,0,0,0.5504,0,1]},
{"frame":3,"values":[0.7934,0.5901,-0.1494,0,-0.4724,0.4421,-0.7625,0,-0.3839,0.6755,0.6295,0,0,0.5504,0,1]},
{"frame":4,"values":[0.7695,0.6247,-0.1327,0,-0.4647,0.4051,-0.7874,0,-0.4381,0.6676,0.602,0,0,0.5504,0,1]},
{"frame":5,"values":[0.7437,0.6591,-0.112,0,-0.4527,0.3732,-0.8098,0,-0.4919,0.6529,0.576,0,0,0.5504,0,1]},
{"frame":6,"values":[0.7202,0.6879,-0.09,0,-0.4397,0.3521,-0.8262,0,-0.5367,0.6346,0.5561,0,0,0.5504,0,1]},
{"frame":7,"values":[0.7024,0.7079,-0.0736,0,-0.4299,0.3396,-0.8366,0,-0.5672,0.6193,0.5429,0,0,0.5504,0,1]},
{"frame":8,"values":[0.6941,0.7169,-0.065,0,-0.4253,0.3355,-0.8406,0,-0.5808,0.6111,0.5378,0,0,0.5504,0,1]},
{"frame":9,"values":[0.6938,0.7173,-0.0647,0,-0.4251,0.3354,-0.8407,0,-0.5813,0.6108,0.5376,0,0,0.5504,0,1]},
{"frame":10,"values":[0.6966,0.7143,-0.0675,0,-0.4266,0.3367,-0.8394,0,-0.5769,0.6135,0.5392,0,0,0.5504,0,1]},
{"frame":11,"values":[0.6994,0.7112,-0.0705,0,-0.4282,0.3381,-0.8381,0,-0.5722,0.6163,0.541,0,0,0.5504,0,1]},
{"frame":12,"values":[0.7027,0.7076,-0.0739,0,-0.4301,0.3397,-0.8364,0,-0.5667,0.6196,0.5431,0,0,0.5504,0,1]},
{"frame":13,"values":[0.7058,0.7042,-0.0772,0,-0.4319,0.3414,-0.8348,0,-0.5615,0.6225,0.5451,0,0,0.5504,0,1]},
{"frame":14,"values":[0.708,0.7017,-0.0795,0,-0.4332,0.3427,-0.8336,0,-0.5577,0.6246,0.5466,0,0,0.5504,0,1]},
{"frame":15,"values":[0.7089,0.7007,-0.0802,0,-0.4337,0.3434,-0.8331,0,-0.5562,0.6254,0.5473,0,0,0.5504,0,1]},
{"frame":21,"values":[0.8182,0.5512,-0.1634,0,-0.4753,0.4885,-0.7318,0,-0.3235,0.6764,0.6616,0,0,0.5504,0,1]},
{"frame":22,"values":[0.8179,0.5518,-0.1632,0,-0.4752,0.4878,-0.7323,0,-0.3244,0.6765,0.6612,0,0,0.5504,0,1]},
{"frame":23,"values":[0.8169,0.5534,-0.1627,0,-0.4752,0.4858,-0.7336,0,-0.327,0.6766,0.6598,0,0,0.5504,0,1]},
{"frame":24,"values":[0.8153,0.5559,-0.1619,0,-0.4752,0.4828,-0.7356,0,-0.3308,0.6767,0.6578,0,0,0.5504,0,1]},
{"frame":25,"values":[0.8134,0.559,-0.1608,0,-0.4751,0.4789,-0.7382,0,-0.3356,0.6768,0.6552,0,0,0.5504,0,1]},
{"frame":26,"values":[0.8112,0.5626,-0.1596,0,-0.475,0.4746,-0.7411,0,-0.3412,0.6769,0.6522,0,0,0.5504,0,1]},
{"frame":27,"values":[0.8087,0.5665,-0.1583,0,-0.4748,0.4699,-0.7442,0,-0.3472,0.677,0.649,0,0,0.5504,0,1]},
{"frame":28,"values":[0.8062,0.5704,-0.157,0,-0.4746,0.465,-0.7473,0,-0.3533,0.677,0.6456,0,0,0.5504,0,1]},
{"frame":29,"values":[0.8037,0.5743,-0.1557,0,-0.4743,0.4603,-0.7505,0,-0.3593,0.677,0.6423,0,0,0.5504,0,1]},
{"frame":30,"values":[0.8013,0.578,-0.1545,0,-0.474,0.4558,-0.7534,0,-0.3651,0.6769,0.6392,0,0,0.5504,0,1]},
{"frame":31,"values":[0.7991,0.5813,-0.1533,0,-0.4737,0.4518,-0.7559,0,-0.3702,0.6767,0.6364,0,0,0.5504,0,1]},
{"frame":32,"values":[0.7973,0.5841,-0.1521,0,-0.4733,0.4488,-0.758,0,-0.3745,0.6764,0.6343,0,0,0.5504,0,1]},
{"frame":33,"values":[0.7959,0.5862,-0.1511,0,-0.473,0.4464,-0.7596,0,-0.3778,0.6761,0.6326,0,0,0.5504,0,1]},
{"frame":34,"values":[0.7951,0.5876,-0.1505,0,-0.4728,0.4449,-0.7606,0,-0.38,0.6759,0.6315,0,0,0.5504,0,1]},
{"frame":35,"values":[0.7947,0.5881,-0.1503,0,-0.4727,0.4443,-0.761,0,-0.3807,0.6758,0.6311,0,0,0.5504,0,1]}],"loopBehavior":1,"name":"anim","property":"_matrix"}},
{"name":"shin L","index":2,"matrix":[0.4904,0.7351,0.4682,0,-0.7843,0.1379,0.6049,0,0.3801,-0.6638,0.6441,0,0,1.0531,0,1],"rest":[0.7903,0.5761,0.2084,0,-0.5761,0.5831,0.5728,0,0.2084,-0.5728,0.7928,0,0,1.0531,0,1],"parentBoneIndex":1,"length":1.2382
,"animation":{"dataType":3,"framePerSecond":24,"keys":[
{"frame":1,"values":[0.6147,0.6974,0.3684,0,-0.725,0.3158,0.612,0,0.3105,-0.6433,0.6998,0,0,1.0531,0,1]},
{"frame":2,"values":[0.5786,0.7117,0.3984,0,-0.7455,0.2633,0.6123,0,0.3309,-0.6512,0.6829,0,0,1.0531,0,1]},
{"frame":3,"values":[0.483,0.7364,0.4738,0,-0.7869,0.1277,0.6038,0,0.3841,-0.6644,0.6411,0,0,1.0531,0,1]},
{"frame":4,"values":[0.3513,0.743,0.5697,0,-0.8178,-0.0528,0.5731,0,0.4559,-0.6672,0.5891,0,0,1.0531,0,1]},
{"frame":5,"values":[0.211,0.7191,0.662,0,-0.8212,-0.237,0.5192,0,0.5302,-0.6532,0.5405,0,0,1.0531,0,1]},
{"frame":6,"values":[0.0891,0.6732,0.7341,0,-0.8003,-0.3903,0.4551,0,0.5929,-0.6281,0.504,0,0,1.0531,0,1]},
{"frame":7,"values":[0.0062,0.6277,0.7784,0,-0.7732,-0.4907,0.4018,0,0.6342,-0.6043,0.4823,0,0,1.0531,0,1]},
{"frame":8,"values":[-0.0313,0.6033,0.7969,0,-0.7572,-0.5347,0.3751,0,0.6524,-0.5917,0.4736,0,0,1.0531,0,1]},
{"frame":9,"values":[-0.0328,0.6023,0.7976,0,-0.7566,-0.5364,0.374,0,0.6531,-0.5912,0.4733,0,0,1.0531,0,1]},
{"frame":10,"values":[-0.0206,0.6106,0.7917,0,-0.762,-0.5222,0.3829,0,0.6472,-0.5954,0.476,0,0,1.0531,0,1]},
{"frame":11,"values":[-0.0077,0.619,0.7853,0,-0.7676,-0.507,0.3922,0,0.6409,-0.5998,0.479,0,0,1.0531,0,1]},
{"frame":12,"values":[0.0075,0.6286,0.7777,0,-0.7737,-0.489,0.4028,0,0.6335,-0.6047,0.4827,0,0,1.0531,0,1]},
{"frame":13,"values":[0.022,0.6373,0.7703,0,-0.7792,-0.4718,0.4126,0,0.6264,-0.6093,0.4862,0,0,1.0531,0,1]},
{"frame":14,"values":[0.0325,0.6434,0.7648,0,-0.783,-0.4592,0.4196,0,0.6212,-0.6125,0.4889,0,0,1.0531,0,1]},
{"frame":15,"values":[0.0365,0.6457,0.7627,0,-0.7844,-0.4544,0.4222,0,0.6192,-0.6137,0.4899,0,0,1.0531,0,1]},
{"frame":21,"values":[0.6147,0.6974,0.3684,0,-0.725,0.3158,0.612,0,0.3105,-0.6433,0.6998,0,0,1.0531,0,1]},
{"frame":22,"values":[0.6129,0.6982,0.3699,0,-0.7262,0.3131,0.6121,0,0.3115,-0.6438,0.6989,0,0,1.0531,0,1]},
{"frame":23,"values":[0.6077,0.7004,0.3743,0,-0.7292,0.3056,0.6122,0,0.3145,-0.645,0.6965,0,0,1.0531,0,1]},
{"frame":24,"values":[0.5998,0.7037,0.3809,0,-0.7339,0.294,0.6124,0,0.3189,-0.6468,0.6928,0,0,1.0531,0,1]},
{"frame":25,"values":[0.5896,0.7077,0.3893,0,-0.7395,0.2793,0.6124,0,0.3247,-0.649,0.688,0,0,1.0531,0,1]},
{"frame":26,"values":[0.5779,0.712,0.3989,0,-0.7459,0.2623,0.6123,0,0.3313,-0.6514,0.6826,0,0,1.0531,0,1]},
{"frame":27,"values":[0.5651,0.7163,0.4093,0,-0.7524,0.2439,0.6119,0,0.3384,-0.6538,0.6768,0,0,1.0531,0,1]},
{"frame":28,"values":[0.5519,0.7204,0.42,0,-0.7588,0.2249,0.6112,0,0.3459,-0.656,0.6708,0,0,1.0531,0,1]},
{"frame":29,"values":[0.5387,0.7242,0.4305,0,-0.7649,0.2061,0.6103,0,0.3533,-0.6581,0.665,0,0,1.0531,0,1]},
{"frame":30,"values":[0.5261,0.7275,0.4404,0,-0.7703,0.1883,0.6092,0,0.3603,-0.6598,0.6594,0,0,1.0531,0,1]},
{"frame":31,"values":[0.5147,0.7302,0.4494,0,-0.775,0.172,0.6081,0,0.3667,-0.6613,0.6544,0,0,1.0531,0,1]},
{"frame":32,"values":[0.5048,0.7323,0.4571,0,-0.7789,0.1582,0.6069,0,0.3721,-0.6624,0.6502,0,0,1.0531,0,1]},
{"frame":33,"values":[0.4971,0.7338,0.463,0,-0.7818,0.1474,0.6059,0,0.3764,-0.6632,0.647,0,0,1.0531,0,1]},
{"frame":34,"values":[0.4921,0.7348,0.4668,0,-0.7836,0.1404,0.6052,0,0.3791,-0.6636,0.6449,0,0,1.0531,0,1]},
{"frame":35,"values":[0.4904,0.7351,0.4682,0,-0.7843,0.1379,0.6049,0,0.3801,-0.6638,0.6441,0,0,1.0531,0,1]}],"loopBehavior":1,"name":"anim","property":"_matrix"}},
{"name":"knee L","index":3,"matrix":[-0.056,0.0536,-0.0753,0,-0.0884,-0.0056,0.0618,0,-0.0268,-0.0936,-0.0468,0,-0.1165,0.1856,0.0432,1],"rest":[-0.056,0.0536,-0.0753,0,-0.0884,-0.0056,0.0618,0,-0.0268,-0.0936,-0.0468,0,-0.1091,0.1814,0.0706,1],"parentBoneIndex":-1,"length":0.4599
,"animation":{"dataType":3,"framePerSecond":24,"keys":[
{"frame":1,"values":[-0.056,0.0536,-0.0753,0,-0.0884,-0.0056,0.0618,0,-0.0268,-0.0936,-0.0468,0,-0.1091,0.1814,0.0706,1]},
{"frame":2,"values":[-0.056,0.0536,-0.0753,0,-0.0884,-0.0056,0.0618,0,-0.0268,-0.0936,-0.0468,0,-0.1092,0.1814,0.0702,1]},
{"frame":3,"values":[-0.056,0.0536,-0.0753,0,-0.0884,-0.0056,0.0618,0,-0.0268,-0.0936,-0.0468,0,-0.1095,0.1816,0.0691,1]},
{"frame":4,"values":[-0.056,0.0536,-0.0753,0,-0.0884,-0.0056,0.0618,0,-0.0268,-0.0936,-0.0468,0,-0.11,0.1819,0.0673,1]},
{"frame":5,"values":[-0.056,0.0536,-0.0753,0,-0.0884,-0.0056,0.0618,0,-0.0268,-0.0936,-0.0468,0,-0.1106,0.1822,0.0651,1]},
{"frame":6,"values":[-0.056,0.0536,-0.0753,0,-0.0884,-0.0056,0.0618,0,-0.0268,-0.0936,-0.0468,0,-0.1113,0.1826,0.0626,1]},
{"frame":7,"values":[-0.056,0.0536,-0.0753,0,-0.0884,-0.0056,0.0618,0,-0.0268,-0.0936,-0.0468,0,-0.112,0.183,0.0598,1]},
{"frame":8,"values":[-0.056,0.0536,-0.0753,0,-0.0884,-0.0056,0.0618,0,-0.0268,-0.0936,-0.0468,0,-0.1128,0.1835,0.0569,1]},
{"frame":9,"values":[-0.056,0.0536,-0.0753,0,-0.0884,-0.0056,0.0618,0,-0.0268,-0.0936,-0.0468,0,-0.1136,0.1839,0.054,1]},
{"frame":10,"values":[-0.056,0.0536,-0.0753,0,-0.0884,-0.0056,0.0618,0,-0.0268,-0.0936,-0.0468,0,-0.1144,0.1844,0.0512,1]},
{"frame":11,"values":[-0.056,0.0536,-0.0753,0,-0.0884,-0.0056,0.0618,0,-0.0268,-0.0936,-0.0468,0,-0.1151,0.1847,0.0486,1]},
{"frame":12,"values":[-0.056,0.0536,-0.0753,0,-0.0884,-0.0056,0.0618,0,-0.0268,-0.0936,-0.0468,0,-0.1157,0.1851,0.0464,1]},
{"frame":13,"values":[-0.056,0.0536,-0.0753,0,-0.0884,-0.0056,0.0618,0,-0.0268,-0.0936,-0.0468,0,-0.1161,0.1854,0.0447,1]},
{"frame":14,"values":[-0.056,0.0536,-0.0753,0,-0.0884,-0.0056,0.0618,0,-0.0268,-0.0936,-0.0468,0,-0.1164,0.1855,0.0436,1]},
{"frame":15,"values":[-0.056,0.0536,-0.0753,0,-0.0884,-0.0056,0.0618,0,-0.0268,-0.0936,-0.0468,0,-0.1165,0.1856,0.0432,1]},
{"frame":21,"values":[-0.056,0.0536,-0.0753,0,-0.0884,-0.0056,0.0618,0,-0.0268,-0.0936,-0.0468,0,-0.1091,0.1814,0.0706,1]},
{"frame":22,"values":[-0.056,0.0536,-0.0753,0,-0.0884,-0.0056,0.0618,0,-0.0268,-0.0936,-0.0468,0,-0.1092,0.1814,0.0702,1]},
{"frame":23,"values":[-0.056,0.0536,-0.0753,0,-0.0884,-0.0056,0.0618,0,-0.0268,-0.0936,-0.0468,0,-0.1095,0.1816,0.0691,1]},
{"frame":24,"values":[-0.056,0.0536,-0.0753,0,-0.0884,-0.0056,0.0618,0,-0.0268,-0.0936,-0.0468,0,-0.11,0.1819,0.0673,1]},
{"frame":25,"values":[-0.056,0.0536,-0.0753,0,-0.0884,-0.0056,0.0618,0,-0.0268,-0.0936,-0.0468,0,-0.1106,0.1822,0.0651,1]},
{"frame":26,"values":[-0.056,0.0536,-0.0753,0,-0.0884,-0.0056,0.0618,0,-0.0268,-0.0936,-0.0468,0,-0.1113,0.1826,0.0626,1]},
{"frame":27,"values":[-0.056,0.0536,-0.0753,0,-0.0884,-0.0056,0.0618,0,-0.0268,-0.0936,-0.0468,0,-0.112,0.183,0.0598,1]},
{"frame":28,"values":[-0.056,0.0536,-0.0753,0,-0.0884,-0.0056,0.0618,0,-0.0268,-0.0936,-0.0468,0,-0.1128,0.1835,0.0569,1]},
{"frame":29,"values":[-0.056,0.0536,-0.0753,0,-0.0884,-0.0056,0.0618,0,-0.0268,-0.0936,-0.0468,0,-0.1136,0.1839,0.054,1]},
{"frame":30,"values":[-0.056,0.0536,-0.0753,0,-0.0884,-0.0056,0.0618,0,-0.0268,-0.0936,-0.0468,0,-0.1144,0.1844,0.0512,1]},
{"frame":31,"values":[-0.056,0.0536,-0.0753,0,-0.0884,-0.0056,0.0618,0,-0.0268,-0.0936,-0.0468,0,-0.1151,0.1847,0.0486,1]},
{"frame":32,"values":[-0.056,0.0536,-0.0753,0,-0.0884,-0.0056,0.0618,0,-0.0268,-0.0936,-0.0468,0,-0.1157,0.1851,0.0464,1]},
{"frame":33,"values":[-0.056,0.0536,-0.0753,0,-0.0884,-0.0056,0.0618,0,-0.0268,-0.0936,-0.0468,0,-0.1161,0.1854,0.0447,1]},
{"frame":34,"values":[-0.056,0.0536,-0.0753,0,-0.0884,-0.0056,0.0618,0,-0.0268,-0.0936,-0.0468,0,-0.1164,0.1855,0.0436,1]},
{"frame":35,"values":[-0.056,0.0536,-0.0753,0,-0.0884,-0.0056,0.0618,0,-0.0268,-0.0936,-0.0468,0,-0.1165,0.1856,0.0432,1]}],"loopBehavior":1,"name":"anim","property":"_matrix"}},
{"name":"heel L","index":4,"matrix":[-0.0455,-0.0672,-0.0713,0,0.0884,0.0056,-0.0618,0,-0.0421,0.0844,-0.0527,0,-0.0319,0.1756,0.019,1],"rest":[-0.0455,-0.0672,-0.0713,0,0.0884,0.0056,-0.0618,0,-0.0421,0.0844,-0.0527,0,-0.0141,0.0551,0.0336,1],"parentBoneIndex":-1,"length":0.4909
,"animation":{"dataType":3,"framePerSecond":24,"keys":[
{"frame":1,"values":[-0.0455,-0.0672,-0.0713,0,0.0884,0.0056,-0.0618,0,-0.0421,0.0844,-0.0527,0,-0.0141,0.0551,0.0336,1]},
{"frame":2,"values":[-0.0455,-0.0672,-0.0713,0,0.0884,0.0056,-0.0618,0,-0.0421,0.0844,-0.0527,0,-0.0143,0.0569,0.0334,1]},
{"frame":3,"values":[-0.0455,-0.0672,-0.0713,0,0.0884,0.0056,-0.0618,0,-0.0421,0.0844,-0.0527,0,-0.0151,0.0618,0.0328,1]},
{"frame":4,"values":[-0.0455,-0.0672,-0.0713,0,0.0884,0.0056,-0.0618,0,-0.0421,0.0844,-0.0527,0,-0.0162,0.0693,0.0318,1]},
{"frame":5,"values":[-0.0455,-0.0672,-0.0713,0,0.0884,0.0056,-0.0618,0,-0.0421,0.0844,-0.0527,0,-0.0176,0.079,0.0307,1]},
{"frame":6,"values":[-0.0455,-0.0672,-0.0713,0,0.0884,0.0056,-0.0618,0,-0.0421,0.0844,-0.0527,0,-0.0193,0.0902,0.0293,1]},
{"frame":7,"values":[-0.0455,-0.0672,-0.0713,0,0.0884,0.0056,-0.0618,0,-0.0421,0.0844,-0.0527,0,-0.0211,0.1025,0.0278,1]},
{"frame":8,"values":[-0.0455,-0.0672,-0.0713,0,0.0884,0.0056,-0.0618,0,-0.0421,0.0844,-0.0527,0,-0.023,0.1154,0.0263,1]},
{"frame":9,"values":[-0.0455,-0.0672,-0.0713,0,0.0884,0.0056,-0.0618,0,-0.0421,0.0844,-0.0527,0,-0.0249,0.1282,0.0247,1]},
{"frame":10,"values":[-0.0455,-0.0672,-0.0713,0,0.0884,0.0056,-0.0618,0,-0.0421,0.0844,-0.0527,0,-0.0267,0.1405,0.0232,1]},
{"frame":11,"values":[-0.0455,-0.0672,-0.0713,0,0.0884,0.0056,-0.0618,0,-0.0421,0.0844,-0.0527,0,-0.0284,0.1517,0.0219,1]},
{"frame":12,"values":[-0.0455,-0.0672,-0.0713,0,0.0884,0.0056,-0.0618,0,-0.0421,0.0844,-0.0527,0,-0.0298,0.1614,0.0207,1]},
{"frame":13,"values":[-0.0455,-0.0672,-0.0713,0,0.0884,0.0056,-0.0618,0,-0.0421,0.0844,-0.0527,0,-0.0309,0.1689,0.0198,1]},
{"frame":14,"values":[-0.0455,-0.0672,-0.0713,0,0.0884,0.0056,-0.0618,0,-0.0421,0.0844,-0.0527,0,-0.0316,0.1738,0.0192,1]},
{"frame":15,"values":[-0.0455,-0.0672,-0.0713,0,0.0884,0.0056,-0.0618,0,-0.0421,0.0844,-0.0527,0,-0.0319,0.1756,0.019,1]},
{"frame":21,"values":[-0.0455,-0.0672,-0.0713,0,0.0884,0.0056,-0.0618,0,-0.0421,0.0844,-0.0527,0,-0.0141,0.0551,0.0336,1]},
{"frame":22,"values":[-0.0455,-0.0672,-0.0713,0,0.0884,0.0056,-0.0618,0,-0.0421,0.0844,-0.0527,0,-0.0143,0.0569,0.0334,1]},
{"frame":23,"values":[-0.0455,-0.0672,-0.0713,0,0.0884,0.0056,-0.0618,0,-0.0421,0.0844,-0.0527,0,-0.0151,0.0618,0.0328,1]},
{"frame":24,"values":[-0.0455,-0.0672,-0.0713,0,0.0884,0.0056,-0.0618,0,-0.0421,0.0844,-0.0527,0,-0.0162,0.0693,0.0318,1]},
{"frame":25,"values":[-0.0455,-0.0672,-0.0713,0,0.0884,0.0056,-0.0618,0,-0.0421,0.0844,-0.0527,0,-0.0176,0.079,0.0307,1]},
{"frame":26,"values":[-0.0455,-0.0672,-0.0713,0,0.0884,0.0056,-0.0618,0,-0.0421,0.0844,-0.0527,0,-0.0193,0.0902,0.0293,1]},
{"frame":27,"values":[-0.0455,-0.0672,-0.0713,0,0.0884,0.0056,-0.0618,0,-0.0421,0.0844,-0.0527,0,-0.0211,0.1025,0.0278,1]},
{"frame":28,"values":[-0.0455,-0.0672,-0.0713,0,0.0884,0.0056,-0.0618,0,-0.0421,0.0844,-0.0527,0,-0.023,0.1154,0.0263,1]},
{"frame":29,"values":[-0.0455,-0.0672,-0.0713,0,0.0884,0.0056,-0.0618,0,-0.0421,0.0844,-0.0527,0,-0.0249,0.1282,0.0247,1]},
{"frame":30,"values":[-0.0455,-0.0672,-0.0713,0,0.0884,0.0056,-0.0618,0,-0.0421,0.0844,-0.0527,0,-0.0267,0.1405,0.0232,1]},
{"frame":31,"values":[-0.0455,-0.0672,-0.0713,0,0.0884,0.0056,-0.0618,0,-0.0421,0.0844,-0.0527,0,-0.0284,0.1517,0.0219,1]},
{"frame":32,"values":[-0.0455,-0.0672,-0.0713,0,0.0884,0.0056,-0.0618,0,-0.0421,0.0844,-0.0527,0,-0.0298,0.1614,0.0207,1]},
{"frame":33,"values":[-0.0455,-0.0672,-0.0713,0,0.0884,0.0056,-0.0618,0,-0.0421,0.0844,-0.0527,0,-0.0309,0.1689,0.0198,1]},
{"frame":34,"values":[-0.0455,-0.0672,-0.0713,0,0.0884,0.0056,-0.0618,0,-0.0421,0.0844,-0.0527,0,-0.0316,0.1738,0.0192,1]},
{"frame":35,"values":[-0.0455,-0.0672,-0.0713,0,0.0884,0.0056,-0.0618,0,-0.0421,0.0844,-0.0527,0,-0.0319,0.1756,0.019,1]}],"loopBehavior":1,"name":"anim","property":"_matrix"}},
{"name":"thigh L.001","index":5,"matrix":[-0.442,-0.8359,0.3254,0,-0.8955,0.4326,-0.1049,0,-0.0531,-0.3378,-0.9397,0,0,0.5668,0,1],"rest":[-0.5827,-0.787,0.2028,0,-0.8126,0.5672,-0.134,0,-0.0096,-0.2429,-0.97,0,0,0.5668,0,1],"parentBoneIndex":9,"length":1.0531
,"animation":{"dataType":3,"framePerSecond":24,"keys":[
{"frame":1,"values":[-0.4917,-0.825,0.2787,0,-0.8701,0.4783,-0.1192,0,-0.035,-0.3011,-0.9529,0,0,0.5668,0,1]},
{"frame":2,"values":[-0.4746,-0.8295,0.2945,0,-0.8793,0.4623,-0.1148,0,-0.0409,-0.3134,-0.9487,0,0,0.5668,0,1]},
{"frame":3,"values":[-0.4329,-0.8371,0.3344,0,-0.8996,0.4246,-0.1018,0,-0.0568,-0.3449,-0.9369,0,0,0.5668,0,1]},
{"frame":4,"values":[-0.3823,-0.8388,0.3876,0,-0.9206,0.3821,-0.0811,0,-0.0801,-0.3878,-0.9182,0,0,0.5668,0,1]},
{"frame":5,"values":[-0.3334,-0.8309,0.4454,0,-0.9366,0.346,-0.0557,0,-0.1078,-0.4357,-0.8936,0,0,0.5668,0,1]},
{"frame":6,"values":[-0.2926,-0.8142,0.5015,0,-0.9464,0.3215,-0.0303,0,-0.1365,-0.4835,-0.8646,0,0,0.5668,0,1]},
{"frame":7,"values":[-0.262,-0.7931,0.5498,0,-0.9517,0.3069,-0.0108,0,-0.1602,-0.5261,-0.8352,0,0,0.5668,0,1]},
{"frame":8,"values":[-0.2464,-0.7742,0.5829,0,-0.9532,0.3023,-0.0015,0,-0.1751,-0.556,-0.8125,0,0,0.5668,0,1]},
{"frame":9,"values":[-0.2408,-0.7666,0.5952,0,-0.9539,0.3002,0.0007,0,-0.1793,-0.5676,-0.8036,0,0,0.5668,0,1]},
{"frame":10,"values":[-0.2422,-0.7685,0.5922,0,-0.9537,0.3008,0.0003,0,-0.1783,-0.5647,-0.8058,0,0,0.5668,0,1]},
{"frame":11,"values":[-0.2457,-0.7732,0.5846,0,-0.9533,0.302,-0.0011,0,-0.1757,-0.5576,-0.8113,0,0,0.5668,0,1]},
{"frame":12,"values":[-0.2496,-0.7783,0.5761,0,-0.9529,0.3033,-0.0031,0,-0.1724,-0.5497,-0.8174,0,0,0.5668,0,1]},
{"frame":13,"values":[-0.2533,-0.7828,0.5683,0,-0.9525,0.3045,-0.0051,0,-0.1691,-0.5426,-0.8228,0,0,0.5668,0,1]},
{"frame":14,"values":[-0.2559,-0.7859,0.5629,0,-0.9523,0.3052,-0.0066,0,-0.1666,-0.5377,-0.8265,0,0,0.5668,0,1]},
{"frame":15,"values":[-0.2568,-0.7871,0.5608,0,-0.9522,0.3055,-0.0072,0,-0.1656,-0.5359,-0.8279,0,0,0.5668,0,1]},
{"frame":21,"values":[-0.4917,-0.825,0.2787,0,-0.8701,0.4783,-0.1192,0,-0.035,-0.3011,-0.9529,0,0,0.5668,0,1]},
{"frame":22,"values":[-0.4909,-0.8252,0.2795,0,-0.8705,0.4775,-0.119,0,-0.0352,-0.3017,-0.9528,0,0,0.5668,0,1]},
{"frame":23,"values":[-0.4887,-0.8258,0.2815,0,-0.8717,0.4755,-0.1185,0,-0.036,-0.3033,-0.9522,0,0,0.5668,0,1]},
{"frame":24,"values":[-0.4853,-0.8267,0.2846,0,-0.8735,0.4723,-0.1176,0,-0.0372,-0.3057,-0.9514,0,0,0.5668,0,1]},
{"frame":25,"values":[-0.4811,-0.8279,0.2885,0,-0.8758,0.4683,-0.1165,0,-0.0387,-0.3087,-0.9504,0,0,0.5668,0,1]},
{"frame":26,"values":[-0.4762,-0.8291,0.293,0,-0.8784,0.4638,-0.1152,0,-0.0404,-0.3122,-0.9492,0,0,0.5668,0,1]},
{"frame":27,"values":[-0.4709,-0.8304,0.2978,0,-0.8812,0.4589,-0.1138,0,-0.0422,-0.316,-0.9478,0,0,0.5668,0,1]},
{"frame":28,"values":[-0.4654,-0.8317,0.3028,0,-0.884,0.4538,-0.1123,0,-0.0441,-0.3199,-0.9464,0,0,0.5668,0,1]},
{"frame":29,"values":[-0.46,-0.8329,0.3077,0,-0.8867,0.4488,-0.1107,0,-0.0459,-0.3238,-0.945,0,0,0.5668,0,1]},
{"frame":30,"values":[-0.455,-0.8339,0.3124,0,-0.8892,0.4442,-0.1093,0,-0.0476,-0.3275,-0.9437,0,0,0.5668,0,1]},
{"frame":31,"values":[-0.4508,-0.8346,0.3166,0,-0.8913,0.4405,-0.1079,0,-0.0494,-0.3308,-0.9424,0,0,0.5668,0,1]},
{"frame":32,"values":[-0.4472,-0.8352,0.3202,0,-0.893,0.4373,-0.1067,0,-0.0509,-0.3336,-0.9413,0,0,0.5668,0,1]},
{"frame":33,"values":[-0.4444,-0.8356,0.323,0,-0.8943,0.4348,-0.1057,0,-0.0521,-0.3358,-0.9405,0,0,0.5668,0,1]},
{"frame":34,"values":[-0.4426,-0.8358,0.3248,0,-0.8952,0.4332,-0.1051,0,-0.0528,-0.3372,-0.9399,0,0,0.5668,0,1]},
{"frame":35,"values":[-0.442,-0.8359,0.3254,0,-0.8955,0.4326,-0.1049,0,-0.0531,-0.3378,-0.9397,0,0,0.5668,0,1]}],"loopBehavior":1,"name":"anim","property":"_matrix"}},
{"name":"shin L.001","index":6,"matrix":[0.9499,0.1418,0.2784,0,-0.2982,0.1455,0.9433,0,0.0933,-0.9791,0.1805,0,0,1.0531,0,1],"rest":[0.9373,0.1561,0.3115,0,-0.342,0.5831,0.7369,0,-0.0666,-0.7972,0.6,0,0,1.0531,0,1],"parentBoneIndex":5,"length":1.2382
,"animation":{"dataType":3,"framePerSecond":24,"keys":[
{"frame":1,"values":[0.9447,0.1462,0.2936,0,-0.3261,0.3221,0.8888,0,0.0354,-0.9354,0.3519,0,0,1.0531,0,1]},
{"frame":2,"values":[0.9464,0.1445,0.2888,0,-0.3182,0.2636,0.9107,0,0.0555,-0.9538,0.2954,0,0,1.0531,0,1]},
{"frame":3,"values":[0.951,0.1412,0.2751,0,-0.2913,0.1106,0.9502,0,0.1037,-0.9838,0.1463,0,0,1.0531,0,1]},
{"frame":4,"values":[0.957,0.14,0.2539,0,-0.2419,-0.0975,0.9654,0,0.1599,-0.9853,-0.0594,0,0,1.0531,0,1]},
{"frame":5,"values":[0.963,0.1439,0.2278,0,-0.1729,-0.3182,0.9321,0,0.2066,-0.937,-0.2816,0,0,1.0531,0,1]},
{"frame":6,"values":[0.9675,0.1542,0.2002,0,-0.0946,-0.5137,0.8527,0,0.2343,-0.844,-0.4825,0,0,1.0531,0,1]},
{"frame":7,"values":[0.9698,0.1699,0.175,0,-0.0209,-0.657,0.7536,0,0.243,-0.7345,-0.6336,0,0,1.0531,0,1]},
{"frame":8,"values":[0.9701,0.1851,0.1572,0,0.0316,-0.7383,0.6737,0,0.2408,-0.6486,-0.722,0,0,1.0531,0,1]},
{"frame":9,"values":[0.9698,0.192,0.1505,0,0.0517,-0.7645,0.6425,0,0.2384,-0.6153,-0.7514,0,0,1.0531,0,1]},
{"frame":10,"values":[0.9699,0.1902,0.1521,0,0.0468,-0.7583,0.6502,0,0.2391,-0.6235,-0.7444,0,0,1.0531,0,1]},
{"frame":11,"values":[0.97,0.186,0.1563,0,0.0343,-0.742,0.6695,0,0.2405,-0.6441,-0.7261,0,0,1.0531,0,1]},
{"frame":12,"values":[0.9701,0.1815,0.161,0,0.0206,-0.7227,0.6909,0,0.2417,-0.6669,-0.7048,0,0,1.0531,0,1]},
{"frame":13,"values":[0.9701,0.1777,0.1652,0,0.0082,-0.7043,0.7099,0,0.2425,-0.6873,-0.6847,0,0,1.0531,0,1]},
{"frame":14,"values":[0.9701,0.1752,0.1681,0,-0.0006,-0.6907,0.7231,0,0.2428,-0.7016,-0.67,0,0,1.0531,0,1]},
{"frame":15,"values":[0.97,0.1743,0.1692,0,-0.0038,-0.6856,0.728,0,0.2429,-0.7068,-0.6644,0,0,1.0531,0,1]},
{"frame":21,"values":[0.9447,0.1462,0.2936,0,-0.3261,0.3221,0.8888,0,0.0354,-0.9354,0.3519,0,0,1.0531,0,1]},
{"frame":22,"values":[0.9447,0.1461,0.2934,0,-0.3258,0.3194,0.8899,0,0.0363,-0.9363,0.3494,0,0,1.0531,0,1]},
{"frame":23,"values":[0.945,0.1459,0.2928,0,-0.3248,0.3119,0.8929,0,0.0389,-0.9388,0.3421,0,0,1.0531,0,1]},
{"frame":24,"values":[0.9453,0.1456,0.2919,0,-0.3233,0.3005,0.8973,0,0.0429,-0.9426,0.3311,0,0,1.0531,0,1]},
{"frame":25,"values":[0.9457,0.1451,0.2907,0,-0.3214,0.2859,0.9028,0,0.0479,-0.9472,0.317,0,0,1.0531,0,1]},
{"frame":26,"values":[0.9462,0.1447,0.2893,0,-0.319,0.2691,0.9088,0,0.0536,-0.9522,0.3008,0,0,1.0531,0,1]},
{"frame":27,"values":[0.9468,0.1442,0.2878,0,-0.3163,0.2509,0.9149,0,0.0597,-0.9572,0.2831,0,0,1.0531,0,1]},
{"frame":28,"values":[0.9473,0.1437,0.2862,0,-0.3134,0.232,0.9208,0,0.0659,-0.962,0.2649,0,0,1.0531,0,1]},
{"frame":29,"values":[0.9479,0.1433,0.2846,0,-0.3104,0.2134,0.9264,0,0.072,-0.9664,0.2467,0,0,1.0531,0,1]},
{"frame":30,"values":[0.9484,0.1429,0.283,0,-0.3074,0.1956,0.9313,0,0.0777,-0.9702,0.2295,0,0,1.0531,0,1]},
{"frame":31,"values":[0.9489,0.1425,0.2816,0,-0.3045,0.1794,0.9355,0,0.0828,-0.9734,0.2137,0,0,1.0531,0,1]},
{"frame":32,"values":[0.9493,0.1422,0.2803,0,-0.302,0.1656,0.9388,0,0.0871,-0.9759,0.2002,0,0,1.0531,0,1]},
{"frame":33,"values":[0.9496,0.142,0.2793,0,-0.3,0.1549,0.9413,0,0.0904,-0.9777,0.1897,0,0,1.0531,0,1]},
{"frame":34,"values":[0.9499,0.1419,0.2787,0,-0.2987,0.148,0.9428,0,0.0925,-0.9788,0.1829,0,0,1.0531,0,1]},
{"frame":35,"values":[0.9499,0.1418,0.2784,0,-0.2982,0.1455,0.9433,0,0.0933,-0.9791,0.1805,0,0,1.0531,0,1]}],"loopBehavior":1,"name":"anim","property":"_matrix"}},
{"name":"knee L.001","index":7,"matrix":[-0.056,0.0536,-0.0753,0,-0.0884,-0.0056,0.0618,0,-0.0268,-0.0936,-0.0468,0,-0.004,0.2109,0.2253,1],"rest":[-0.056,0.0536,-0.0753,0,-0.0884,-0.0056,0.0618,0,-0.0268,-0.0936,-0.0468,0,-0.0191,0.2106,0.202,1],"parentBoneIndex":-1,"length":0.4599
,"animation":{"dataType":3,"framePerSecond":24,"keys":[
{"frame":1,"values":[-0.056,0.0536,-0.0753,0,-0.0884,-0.0056,0.0618,0,-0.0268,-0.0936,-0.0468,0,-0.0191,0.2106,0.202,1]},
{"frame":2,"values":[-0.056,0.0536,-0.0753,0,-0.0884,-0.0056,0.0618,0,-0.0268,-0.0936,-0.0468,0,-0.0189,0.2106,0.2024,1]},
{"frame":3,"values":[-0.056,0.0536,-0.0753,0,-0.0884,-0.0056,0.0618,0,-0.0268,-0.0936,-0.0468,0,-0.0183,0.2106,0.2033,1]},
{"frame":4,"values":[-0.056,0.0536,-0.0753,0,-0.0884,-0.0056,0.0618,0,-0.0268,-0.0936,-0.0468,0,-0.0173,0.2106,0.2048,1]},
{"frame":5,"values":[-0.056,0.0536,-0.0753,0,-0.0884,-0.0056,0.0618,0,-0.0268,-0.0936,-0.0468,0,-0.0161,0.2106,0.2067,1]},
{"frame":6,"values":[-0.056,0.0536,-0.0753,0,-0.0884,-0.0056,0.0618,0,-0.0268,-0.0936,-0.0468,0,-0.0147,0.2107,0.2088,1]},
{"frame":7,"values":[-0.056,0.0536,-0.0753,0,-0.0884,-0.0056,0.0618,0,-0.0268,-0.0936,-0.0468,0,-0.0132,0.2107,0.2112,1]},
{"frame":8,"values":[-0.056,0.0536,-0.0753,0,-0.0884,-0.0056,0.0618,0,-0.0268,-0.0936,-0.0468,0,-0.0115,0.2107,0.2137,1]},
{"frame":9,"values":[-0.056,0.0536,-0.0753,0,-0.0884,-0.0056,0.0618,0,-0.0268,-0.0936,-0.0468,0,-0.0099,0.2108,0.2162,1]},
{"frame":10,"values":[-0.056,0.0536,-0.0753,0,-0.0884,-0.0056,0.0618,0,-0.0268,-0.0936,-0.0468,0,-0.0084,0.2108,0.2185,1]},
{"frame":11,"values":[-0.056,0.0536,-0.0753,0,-0.0884,-0.0056,0.0618,0,-0.0268,-0.0936,-0.0468,0,-0.007,0.2108,0.2207,1]},
{"frame":12,"values":[-0.056,0.0536,-0.0753,0,-0.0884,-0.0056,0.0618,0,-0.0268,-0.0936,-0.0468,0,-0.0058,0.2108,0.2226,1]},
{"frame":13,"values":[-0.056,0.0536,-0.0753,0,-0.0884,-0.0056,0.0618,0,-0.0268,-0.0936,-0.0468,0,-0.0048,0.2108,0.2241,1]},
{"frame":14,"values":[-0.056,0.0536,-0.0753,0,-0.0884,-0.0056,0.0618,0,-0.0268,-0.0936,-0.0468,0,-0.0042,0.2108,0.225,1]},
{"frame":15,"values":[-0.056,0.0536,-0.0753,0,-0.0884,-0.0056,0.0618,0,-0.0268,-0.0936,-0.0468,0,-0.004,0.2109,0.2253,1]},
{"frame":21,"values":[-0.056,0.0536,-0.0753,0,-0.0884,-0.0056,0.0618,0,-0.0268,-0.0936,-0.0468,0,-0.0191,0.2106,0.202,1]},
{"frame":22,"values":[-0.056,0.0536,-0.0753,0,-0.0884,-0.0056,0.0618,0,-0.0268,-0.0936,-0.0468,0,-0.0189,0.2106,0.2024,1]},
{"frame":23,"values":[-0.056,0.0536,-0.0753,0,-0.0884,-0.0056,0.0618,0,-0.0268,-0.0936,-0.0468,0,-0.0183,0.2106,0.2033,1]},
{"frame":24,"values":[-0.056,0.0536,-0.0753,0,-0.0884,-0.0056,0.0618,0,-0.0268,-0.0936,-0.0468,0,-0.0173,0.2106,0.2048,1]},
{"frame":25,"values":[-0.056,0.0536,-0.0753,0,-0.0884,-0.0056,0.0618,0,-0.0268,-0.0936,-0.0468,0,-0.0161,0.2106,0.2067,1]},
{"frame":26,"values":[-0.056,0.0536,-0.0753,0,-0.0884,-0.0056,0.0618,0,-0.0268,-0.0936,-0.0468,0,-0.0147,0.2107,0.2088,1]},
{"frame":27,"values":[-0.056,0.0536,-0.0753,0,-0.0884,-0.0056,0.0618,0,-0.0268,-0.0936,-0.0468,0,-0.0132,0.2107,0.2112,1]},
{"frame":28,"values":[-0.056,0.0536,-0.0753,0,-0.0884,-0.0056,0.0618,0,-0.0268,-0.0936,-0.0468,0,-0.0115,0.2107,0.2137,1]},
{"frame":29,"values":[-0.056,0.0536,-0.0753,0,-0.0884,-0.0056,0.0618,0,-0.0268,-0.0936,-0.0468,0,-0.0099,0.2108,0.2162,1]},
{"frame":30,"values":[-0.056,0.0536,-0.0753,0,-0.0884,-0.0056,0.0618,0,-0.0268,-0.0936,-0.0468,0,-0.0084,0.2108,0.2185,1]},
{"frame":31,"values":[-0.056,0.0536,-0.0753,0,-0.0884,-0.0056,0.0618,0,-0.0268,-0.0936,-0.0468,0,-0.007,0.2108,0.2207,1]},
{"frame":32,"values":[-0.056,0.0536,-0.0753,0,-0.0884,-0.0056,0.0618,0,-0.0268,-0.0936,-0.0468,0,-0.0058,0.2108,0.2226,1]},
{"frame":33,"values":[-0.056,0.0536,-0.0753,0,-0.0884,-0.0056,0.0618,0,-0.0268,-0.0936,-0.0468,0,-0.0048,0.2108,0.2241,1]},
{"frame":34,"values":[-0.056,0.0536,-0.0753,0,-0.0884,-0.0056,0.0618,0,-0.0268,-0.0936,-0.0468,0,-0.0042,0.2108,0.225,1]},
{"frame":35,"values":[-0.056,0.0536,-0.0753,0,-0.0884,-0.0056,0.0618,0,-0.0268,-0.0936,-0.0468,0,-0.004,0.2109,0.2253,1]}],"loopBehavior":1,"name":"anim","property":"_matrix"}},
{"name":"heel L.001","index":8,"matrix":[-0.0455,-0.0672,-0.0713,0,0.0884,0.0056,-0.0618,0,-0.0421,0.0844,-0.0527,0,0.0581,0.2048,0.1504,1],"rest":[-0.0455,-0.0672,-0.0713,0,0.0884,0.0056,-0.0618,0,-0.0421,0.0844,-0.0527,0,0.0759,0.0843,0.165,1],"parentBoneIndex":-1,"length":0.4909
,"animation":{"dataType":3,"framePerSecond":24,"keys":[
{"frame":1,"values":[-0.0455,-0.0672,-0.0713,0,0.0884,0.0056,-0.0618,0,-0.0421,0.0844,-0.0527,0,0.0759,0.0843,0.165,1]},
{"frame":2,"values":[-0.0455,-0.0672,-0.0713,0,0.0884,0.0056,-0.0618,0,-0.0421,0.0844,-0.0527,0,0.0757,0.0861,0.1648,1]},
{"frame":3,"values":[-0.0455,-0.0672,-0.0713,0,0.0884,0.0056,-0.0618,0,-0.0421,0.0844,-0.0527,0,0.0749,0.091,0.1642,1]},
{"frame":4,"values":[-0.0455,-0.0672,-0.0713,0,0.0884,0.0056,-0.0618,0,-0.0421,0.0844,-0.0527,0,0.0738,0.0986,0.1633,1]},
{"frame":5,"values":[-0.0455,-0.0672,-0.0713,0,0.0884,0.0056,-0.0618,0,-0.0421,0.0844,-0.0527,0,0.0724,0.1082,0.1621,1]},
{"frame":6,"values":[-0.0455,-0.0672,-0.0713,0,0.0884,0.0056,-0.0618,0,-0.0421,0.0844,-0.0527,0,0.0707,0.1195,0.1608,1]},
{"frame":7,"values":[-0.0455,-0.0672,-0.0713,0,0.0884,0.0056,-0.0618,0,-0.0421,0.0844,-0.0527,0,0.0689,0.1318,0.1593,1]},
{"frame":8,"values":[-0.0455,-0.0672,-0.0713,0,0.0884,0.0056,-0.0618,0,-0.0421,0.0844,-0.0527,0,0.067,0.1446,0.1577,1]},
{"frame":9,"values":[-0.0455,-0.0672,-0.0713,0,0.0884,0.0056,-0.0618,0,-0.0421,0.0844,-0.0527,0,0.0651,0.1574,0.1562,1]},
{"frame":10,"values":[-0.0455,-0.0672,-0.0713,0,0.0884,0.0056,-0.0618,0,-0.0421,0.0844,-0.0527,0,0.0633,0.1697,0.1547,1]},
{"frame":11,"values":[-0.0455,-0.0672,-0.0713,0,0.0884,0.0056,-0.0618,0,-0.0421,0.0844,-0.0527,0,0.0616,0.1809,0.1533,1]},
{"frame":12,"values":[-0.0455,-0.0672,-0.0713,0,0.0884,0.0056,-0.0618,0,-0.0421,0.0844,-0.0527,0,0.0602,0.1906,0.1522,1]},
{"frame":13,"values":[-0.0455,-0.0672,-0.0713,0,0.0884,0.0056,-0.0618,0,-0.0421,0.0844,-0.0527,0,0.0591,0.1981,0.1512,1]},
{"frame":14,"values":[-0.0455,-0.0672,-0.0713,0,0.0884,0.0056,-0.0618,0,-0.0421,0.0844,-0.0527,0,0.0584,0.2031,0.1507,1]},
{"frame":15,"values":[-0.0455,-0.0672,-0.0713,0,0.0884,0.0056,-0.0618,0,-0.0421,0.0844,-0.0527,0,0.0581,0.2048,0.1504,1]},
{"frame":21,"values":[-0.0455,-0.0672,-0.0713,0,0.0884,0.0056,-0.0618,0,-0.0421,0.0844,-0.0527,0,0.0759,0.0843,0.165,1]},
{"frame":22,"values":[-0.0455,-0.0672,-0.0713,0,0.0884,0.0056,-0.0618,0,-0.0421,0.0844,-0.0527,0,0.0757,0.0861,0.1648,1]},
{"frame":23,"values":[-0.0455,-0.0672,-0.0713,0,0.0884,0.0056,-0.0618,0,-0.0421,0.0844,-0.0527,0,0.0749,0.091,0.1642,1]},
{"frame":24,"values":[-0.0455,-0.0672,-0.0713,0,0.0884,0.0056,-0.0618,0,-0.0421,0.0844,-0.0527,0,0.0738,0.0986,0.1633,1]},
{"frame":25,"values":[-0.0455,-0.0672,-0.0713,0,0.0884,0.0056,-0.0618,0,-0.0421,0.0844,-0.0527,0,0.0724,0.1082,0.1621,1]},
{"frame":26,"values":[-0.0455,-0.0672,-0.0713,0,0.0884,0.0056,-0.0618,0,-0.0421,0.0844,-0.0527,0,0.0707,0.1195,0.1608,1]},
{"frame":27,"values":[-0.0455,-0.0672,-0.0713,0,0.0884,0.0056,-0.0618,0,-0.0421,0.0844,-0.0527,0,0.0689,0.1318,0.1593,1]},
{"frame":28,"values":[-0.0455,-0.0672,-0.0713,0,0.0884,0.0056,-0.0618,0,-0.0421,0.0844,-0.0527,0,0.067,0.1446,0.1577,1]},
{"frame":29,"values":[-0.0455,-0.0672,-0.0713,0,0.0884,0.0056,-0.0618,0,-0.0421,0.0844,-0.0527,0,0.0651,0.1574,0.1562,1]},
{"frame":30,"values":[-0.0455,-0.0672,-0.0713,0,0.0884,0.0056,-0.0618,0,-0.0421,0.0844,-0.0527,0,0.0633,0.1697,0.1547,1]},
{"frame":31,"values":[-0.0455,-0.0672,-0.0713,0,0.0884,0.0056,-0.0618,0,-0.0421,0.0844,-0.0527,0,0.0616,0.1809,0.1533,1]},
{"frame":32,"values":[-0.0455,-0.0672,-0.0713,0,0.0884,0.0056,-0.0618,0,-0.0421,0.0844,-0.0527,0,0.0602,0.1906,0.1522,1]},
{"frame":33,"values":[-0.0455,-0.0672,-0.0713,0,0.0884,0.0056,-0.0618,0,-0.0421,0.0844,-0.0527,0,0.0591,0.1981,0.1512,1]},
{"frame":34,"values":[-0.0455,-0.0672,-0.0713,0,0.0884,0.0056,-0.0618,0,-0.0421,0.0844,-0.0527,0,0.0584,0.2031,0.1507,1]},
{"frame":35,"values":[-0.0455,-0.0672,-0.0713,0,0.0884,0.0056,-0.0618,0,-0.0421,0.0844,-0.0527,0,0.0581,0.2048,0.1504,1]}],"loopBehavior":1,"name":"anim","property":"_matrix"}},
{"name":"hip r","index":9,"matrix":[0.1467,0.2431,0.9588,0,0.9865,-0.1071,-0.1238,0,0.0726,0.9641,-0.2555,0,0,0,0,1],"rest":[0.2752,0.3476,0.8963,0,0.8963,-0.4299,-0.1085,0,0.3476,0.8333,-0.4299,0,0,0,0,1],"parentBoneIndex":10,"length":0.5668
,"animation":{"dataType":3,"framePerSecond":24,"keys":[
{"frame":1,"values":[0.1438,0.2715,0.9516,0,0.9638,-0.2567,-0.0724,0,0.2247,0.9276,-0.2986,0,0,0,0,1]},
{"frame":2,"values":[0.1266,0.2581,0.9578,0,0.9727,-0.2216,-0.0688,0,0.1944,0.9404,-0.2791,0,0,0,0,1]},
{"frame":3,"values":[0.0849,0.2174,0.9724,0,0.9898,-0.1302,-0.0574,0,0.1141,0.9674,-0.2262,0,0,0,0,1]},
{"frame":4,"values":[0.0357,0.1463,0.9886,0,0.9994,-0.0034,-0.0356,0,-0.0018,0.9892,-0.1464,0,0,0,0,1]},
{"frame":5,"values":[-0.0058,0.0424,0.9991,0,0.9896,0.1441,-0.0004,0,-0.144,0.9887,-0.0428,0,0,0,0,1]},
{"frame":6,"values":[-0.0222,-0.0968,0.9951,0,0.9506,0.3061,0.051,0,-0.3096,0.9471,0.0852,0,0,0,0,1]},
{"frame":7,"values":[0.0139,-0.2656,0.964,0,0.865,0.4868,0.1216,0,-0.5016,0.8321,0.2366,0,0,0,0,1]},
{"frame":8,"values":[0.1419,-0.4084,0.9017,0,0.692,0.6923,0.2046,0,-0.7078,0.595,0.3809,0,0,0,0,1]},
